00000010110000000000010000010011
00000000000100000000001100010011
00100100011000000010110000100011
00000000010000000000001110010011
00100100011000111010110000100011
00000000100000000000010100010011
11111111100001010000101110010011
00100101100010111010101010000011
11111111110001010000110000010011
00100101100011000010101100000011
00000001011010101000001010110011
00100100010101010010110000100011
00000000010001010000010100010011
00000000100001010000010001100011
11111110000111111111000001101111
00000000000000000000000000010011
00000000000000001000000001100111
00000000000000000000000000000000     	
00000000000000000000000000000000     	
00000000000000000000000000000000     	
00000000000000000000000000000000     	
00000000000000000000000000000000     	
00000000000000000000000000000000     	
00000000000000000000000000000000     	
00000000000000000000000000000000     	
00000000000000000000000000000000     	
00000000000000000000000000000000     	
00000000000000000000000000000000     	
00000000000000000000000000000000     	
00000000000000000000000000000000     	
00000000000000000000000000000000     	
00000000000000000000000000000000     	
00000000000000000000000000000000     	
00000000000000000000000000000000     	
00000000000000000000000000000000     	
00000000000000000000000000000000