0000001 01100 000 00000 01000 0010011	496	ADDI  x8, x0, 44
0000000 00001 000 00000 00110 0010011	500	ADDI  x6, x0, 1
0010010 00110 010 00000 11000 0100011	504	SW    x6, 600(x0)
0000000 00100 000 00000 00111 0010011	508	ADDI  x7, x0, 4
0010010 00110 010 00111 11000 0100011	512	SW    x6, 600(x7)
0000000 01000 000 00000 01010 0010011	516	ADDI  x10, x0, 8
1111111 11000 000 01010 10111 0010011	520	ADDI  x23, x10, -8
0010010 11000 010 10111 10101 0000011	524	LW    x21, 600(x23)
1111111 11100 000 01010 11000 0010011	528	ADDI  x24, x10, -4
0010010 11000 010 11000 10110 0000011	532	LW    x22, 600(x24)
0000000 10110 000 10101 00101 0110011	536	ADD   x5, x21, x22
0010010 00101 010 01010 11000 0100011	540	SW    x5, 600(x10)
0000000 00100 000 01010 01010 0010011	544	ADDI  x10, x10, 4
0000000 01000 000 01010 01000 1100011	548	BEQ   x10, x8, 8
1111111 00001 111 11111 00000 1101111	552	J	#520  //JAL x0, -32
0000000 00000 000 00000 00000 0010011	556	ADDI  x0, x0, 0
0000000 00000 000 00001 00000 1100111	560	RET   //JALR x0, x1, 0
00000000000000000000000000000000		564	0
00000000000000000000000000000000		568	0
00000000000000000000000000000000		572	0
00000000000000000000000000000000		576	0
00000000000000000000000000000000		580	0
00000000000000000000000000000000		584	0
00000000000000000000000000000000		588	0
00000000000000000000000000000000		592	0
00000000000000000000000000000000		596	0
00000000000000000000000000000000		600	0
00000000000000000000000000000000		604	0
00000000000000000000000000000000		608	0
00000000000000000000000000000000		612	0
00000000000000000000000000000000		616	0
00000000000000000000000000000000		620	0
00000000000000000000000000000000		624	0
00000000000000000000000000000000		628	0
00000000000000000000000000000000		632	0
00000000000000000000000000000000		636	0
